YcbPear 0.42100005  0.00694712 -0.00121912  0.16107832 -0.07101751 -0.15922909 0.97141978
YcbPottedMeatCan 0.55440708 -0.04717481  0.02583029  0.10825223  0.67784837 -0.06481941 0.72429379
YcbFoamBrick 0.49336472 -0.00785377 -0.00663181 -0.00676513 -0.02971357 -0.22263827 0.97442472
YcbMediumClamp 0.53524943 -0.09408562 -0.01278352  0.02475431  0.04177429  0.9358587 0.3490138 
YcbTennisBall 0.32470269 -0.18242809  0.00051879 -0.0133451  -0.00234385  0.99395303 -0.1089669 
YcbStrawberry 0.53009252  0.04772745 -0.00583143  0.33796306 -0.5329991   0.01534618 0.77553686
YcbChipsCan 0.6142957   0.0335517   0.01327615  0.23323944  0.66753247 -0.37950885 0.59663457
YcbGelatinBox 0.41986766  0.07020931  0.01103843  0.76664854 -0.64056999  0.03337012 0.02839962
YcbBanana 0.46878456 0.04972528 0.03716325 0.62810737 0.59344842 0.18954989 0.46623057
YcbMasterChefCan 0.4707227  -0.10671237  0.00945168  0.16496487  0.68759403 -0.36139198 0.60778029
